{
  "00": {
    "K": [
      [
        4706.990234375,
        0.0,
        1217.9964599609375
      ],
      [
        0.0,
        4707.9501953125,
        1075.1387939453125
      ],
      [
        0.0,
        0.0,
        1.0
      ]
    ],
    "D": [
      0.0,
      0.0,
      0.0,
      0.0,
      0.0
    ],
    "RT": [
      [
        -0.97301063176935,
        0.13822141039306457,
        -0.18478375337544325,
        0.1953958924292739
      ],
      [
        0.024998068420043245,
        0.8591851839490529,
        0.5110536707184357,
        -1.127585477549807
      ],
      [
        0.2294020222879305,
        0.49264139308638955,
        -0.8394516723038302,
        1.0872007966326966
      ],
      [
        0.0,
        0.0,
        0.0,
        1.0
      ]
    ]
  },
  "01": {
    "K": [
      [
        4705.2236328125,
        0.0,
        1223.8128662109375
      ],
      [
        0.0,
        4705.55224609375,
        1071.005126953125
      ],
      [
        0.0,
        0.0,
        1.0
      ]
    ],
    "D": [
      0.0,
      0.0,
      0.0,
      0.0,
      0.0
    ],
    "RT": [
      [
        -0.9849848376440323,
        0.013830398792258065,
        -0.17208691907705007,
        0.21835500577219424
      ],
      [
        0.0026555987337075295,
        0.9978819927630347,
        0.06499843766698264,
        -0.5636603582238462
      ],
      [
        0.17262132138031638,
        0.06356545209283607,
        -0.9829353399819456,
        1.2560554332187432
      ],
      [
        0.0,
        0.0,
        0.0,
        1.0
      ]
    ]
  },
  "02": {
    "K": [
      [
        4708.30078125,
        0.0,
        1193.464111328125
      ],
      [
        0.0,
        4707.05615234375,
        1004.5413818359375
      ],
      [
        0.0,
        0.0,
        1.0
      ]
    ],
    "D": [
      0.0,
      0.0,
      0.0,
      0.0,
      0.0
    ],
    "RT": [
      [
        -0.9831452591690721,
        -0.06605638891993351,
        -0.17047651513510753,
        0.18903538934958583
      ],
      [
        0.008651321601134621,
        0.9145942686689043,
        -0.4042806338199473,
        -0.0007407616537156159
      ],
      [
        0.18262214294750084,
        -0.39894139638917464,
        -0.8986073668837732,
        1.1262592562175402
      ],
      [
        0.0,
        0.0,
        0.0,
        1.0
      ]
    ]
  },
  "03": {
    "K": [
      [
        4711.83203125,
        0.0,
        1216.71240234375
      ],
      [
        0.0,
        4713.14794921875,
        1068.090087890625
      ],
      [
        0.0,
        0.0,
        1.0
      ]
    ],
    "D": [
      0.0,
      0.0,
      0.0,
      0.0,
      0.0
    ],
    "RT": [
      [
        -0.8454964292100501,
        0.2614363539829832,
        -0.4656039354021984,
        0.5541005110734485
      ],
      [
        -0.00010979873311022814,
        0.8718630893206895,
        0.4897499038869523,
        -1.1490508100232146
      ],
      [
        0.5339811929257547,
        0.4141329139835788,
        -0.7371284232004359,
        0.9642177403834825
      ],
      [
        0.0,
        0.0,
        0.0,
        1.0
      ]
    ]
  },
  "04": {
    "K": [
      [
        4705.5126953125,
        0.0,
        1228.325439453125
      ],
      [
        0.0,
        4705.06884765625,
        1057.7210693359375
      ],
      [
        0.0,
        0.0,
        1.0
      ]
    ],
    "D": [
      0.0,
      0.0,
      0.0,
      0.0,
      0.0
    ],
    "RT": [
      [
        -0.8546688820520824,
        0.021562067744786,
        -0.5187256199405306,
        0.6331553280865172
      ],
      [
        -0.012442548701038572,
        0.9979996522815603,
        0.06198483356122934,
        -0.5625094173839948
      ],
      [
        0.5190244180942857,
        0.05943079793605355,
        -0.8526907532449023,
        1.0993416411655053
      ],
      [
        0.0,
        0.0,
        0.0,
        1.0
      ]
    ]
  },
  "05": {
    "K": [
      [
        4734.0498046875,
        0.0,
        1256.4041748046875
      ],
      [
        0.0,
        4733.1943359375,
        1013.2353515625
      ],
      [
        0.0,
        0.0,
        1.0
      ]
    ],
    "D": [
      0.0,
      0.0,
      0.0,
      0.0,
      0.0
    ],
    "RT": [
      [
        -0.8551437976777414,
        -0.19210972007757104,
        -0.4814800206256155,
        0.5676426032702389
      ],
      [
        0.028662969955926015,
        0.9098538695188203,
        -0.41393756959003564,
        0.018810278867732233
      ],
      [
        0.5175978999667002,
        -0.36777686556054756,
        -0.7725494061421843,
        0.9916478016513243
      ],
      [
        0.0,
        0.0,
        0.0,
        1.0
      ]
    ]
  },
  "06": {
    "K": [
      [
        4709.2451171875,
        0.0,
        1278.17236328125
      ],
      [
        0.0,
        4709.95947265625,
        1065.9964599609375
      ],
      [
        0.0,
        0.0,
        1.0
      ]
    ],
    "D": [
      0.0,
      0.0,
      0.0,
      0.0,
      0.0
    ],
    "RT": [
      [
        -0.6118825240199511,
        0.4073038377594188,
        -0.6780144886405348,
        0.8456455348659933
      ],
      [
        0.04454097271759152,
        0.8736002906089139,
        0.4846016254755009,
        -1.14565118386581
      ],
      [
        0.78969369143111,
        0.26631981394695975,
        -0.5526822526411947,
        0.7255570222228087
      ],
      [
        0.0,
        0.0,
        0.0,
        1.0
      ]
    ]
  },
  "07": {
    "K": [
      [
        4673.9501953125,
        0.0,
        1228.596435546875
      ],
      [
        0.0,
        4673.00927734375,
        1036.17236328125
      ],
      [
        0.0,
        0.0,
        1.0
      ]
    ],
    "D": [
      0.0,
      0.0,
      0.0,
      0.0,
      0.0
    ],
    "RT": [
      [
        -0.6177049983632282,
        0.02913822158560077,
        -0.7858699596328317,
        0.9754640573149302
      ],
      [
        0.0066426876115501824,
        0.9994710517183214,
        0.03183675796346397,
        -0.5669721297372788
      ],
      [
        0.7863819465932311,
        0.014445452083413933,
        -0.6175718490586789,
        0.8274535831583827
      ],
      [
        0.0,
        0.0,
        0.0,
        1.0
      ]
    ]
  },
  "08": {
    "K": [
      [
        4725.9599609375,
        0.0,
        1234.1903076171875
      ],
      [
        0.0,
        4725.00830078125,
        1030.7152099609375
      ],
      [
        0.0,
        0.0,
        1.0
      ]
    ],
    "D": [
      0.0,
      0.0,
      0.0,
      0.0,
      0.0
    ],
    "RT": [
      [
        -0.612219492793708,
        -0.3474584549361738,
        -0.7102535160345773,
        0.8938786457386765
      ],
      [
        -0.010123276384053307,
        0.9016437586092392,
        -0.43236119599194395,
        0.05944638898067711
      ],
      [
        0.7906231536563753,
        -0.25750983603189537,
        -0.5555213617989033,
        0.733967040326992
      ],
      [
        0.0,
        0.0,
        0.0,
        1.0
      ]
    ]
  },
  "09": {
    "K": [
      [
        4717.8896484375,
        0.0,
        1221.61572265625
      ],
      [
        0.0,
        4717.212890625,
        1051.3936767578125
      ],
      [
        0.0,
        0.0,
        1.0
      ]
    ],
    "D": [
      0.0,
      0.0,
      0.0,
      0.0,
      0.0
    ],
    "RT": [
      [
        -0.3322935631495386,
        0.4707668773204318,
        -0.8172880053789413,
        1.0366154041146343
      ],
      [
        0.011397725099196386,
        0.8684685800295264,
        0.4956133413584117,
        -1.1363846626903742
      ],
      [
        0.943107276686023,
        0.1553739181180737,
        -0.29395217824777087,
        0.3819456109877848
      ],
      [
        0.0,
        0.0,
        0.0,
        1.0
      ]
    ]
  },
  "10": {
    "K": [
      [
        4714.86279296875,
        0.0,
        1228.4417724609375
      ],
      [
        0.0,
        4714.6435546875,
        1020.593994140625
      ],
      [
        0.0,
        0.0,
        1.0
      ]
    ],
    "D": [
      0.0,
      0.0,
      0.0,
      0.0,
      0.0
    ],
    "RT": [
      [
        -0.33825390526683186,
        0.06223992968102539,
        -0.9389945366359596,
        1.1980986581141901
      ],
      [
        0.013520612899258464,
        0.998028948370414,
        0.06128236616674234,
        -0.5687751465929076
      ],
      [
        0.9409578897934534,
        0.008033186267804368,
        -0.33842867304944,
        0.4494657781337662
      ],
      [
        0.0,
        0.0,
        0.0,
        1.0
      ]
    ]
  },
  "11": {
    "K": [
      [
        4725.021484375,
        0.0,
        1216.3472900390625
      ],
      [
        0.0,
        4725.83837890625,
        1015.1658325195312
      ],
      [
        0.0,
        0.0,
        1.0
      ]
    ],
    "D": [
      0.0,
      0.0,
      0.0,
      0.0,
      0.0
    ],
    "RT": [
      [
        -0.3430579610162948,
        -0.3765906719171475,
        -0.8605178478118422,
        1.090949820627336
      ],
      [
        0.008410957226378843,
        0.9148444797833404,
        -0.4037190015206894,
        0.025074165053295294
      ],
      [
        0.9392767110512903,
        -0.14573683240956886,
        -0.31067711145607807,
        0.40100803430424925
      ],
      [
        0.0,
        0.0,
        0.0,
        1.0
      ]
    ]
  },
  "12": {
    "K": [
      [
        4728.5908203125,
        0.0,
        1244.9608154296875
      ],
      [
        0.0,
        4728.349609375,
        1076.117919921875
      ],
      [
        0.0,
        0.0,
        1.0
      ]
    ],
    "D": [
      0.0,
      0.0,
      0.0,
      0.0,
      0.0
    ],
    "RT": [
      [
        -0.029735765415497658,
        0.49350157688841656,
        -0.8692366057907319,
        1.0940938486135638
      ],
      [
        -0.04246105139005694,
        0.8682123582724498,
        0.49437272441499,
        -1.140017400801683
      ],
      [
        0.9986556086010743,
        0.05160925038236075,
        -0.0048623649523522475,
        0.013033922228477213
      ],
      [
        0.0,
        0.0,
        0.0,
        1.0
      ]
    ]
  },
  "13": {
    "K": [
      [
        4732.15283203125,
        0.0,
        1245.321044921875
      ],
      [
        0.0,
        4731.64013671875,
        1081.2904052734375
      ],
      [
        0.0,
        0.0,
        1.0
      ]
    ],
    "D": [
      0.0,
      0.0,
      0.0,
      0.0,
      0.0
    ],
    "RT": [
      [
        -0.013008251037764568,
        0.07045083838764281,
        -0.9974305830374022,
        1.2717752547921664
      ],
      [
        -0.04516187341832555,
        0.9964556591002426,
        0.07097091850201584,
        -0.5658150780157207
      ],
      [
        0.9988951107806041,
        0.04596905245133786,
        -0.009780438687901322,
        0.019383300332066034
      ],
      [
        0.0,
        0.0,
        0.0,
        1.0
      ]
    ]
  },
  "14": {
    "K": [
      [
        4697.35595703125,
        0.0,
        1221.8914794921875
      ],
      [
        0.0,
        4696.58349609375,
        1027.546875
      ],
      [
        0.0,
        0.0,
        1.0
      ]
    ],
    "D": [
      0.0,
      0.0,
      0.0,
      0.0,
      0.0
    ],
    "RT": [
      [
        -0.008595624078448508,
        -0.3957063549020159,
        -0.9183370582343122,
        1.1346679580166508
      ],
      [
        -0.003235805275565585,
        0.9183771217923997,
        -0.3956933863567742,
        0.0007407616537158379
      ],
      [
        0.9999579513875625,
        -0.0004296883825962096,
        -0.009174491475519407,
        0.01783836496562974
      ],
      [
        0.0,
        0.0,
        0.0,
        1.0
      ]
    ]
  },
  "15": {
    "K": [
      [
        4708.0693359375,
        0.0,
        1216.9859619140625
      ],
      [
        0.0,
        4706.93408203125,
        1057.430419921875
      ],
      [
        0.0,
        0.0,
        1.0
      ]
    ],
    "D": [
      0.0,
      0.0,
      0.0,
      0.0,
      0.0
    ],
    "RT": [
      [
        0.31973720609020806,
        0.4506219798778966,
        -0.8334915787200583,
        1.038629710404527
      ],
      [
        0.011922858978588819,
        0.8776856501136683,
        0.4790889411756591,
        -1.1506560126030758
      ],
      [
        0.9474314700161272,
        -0.16312019610977335,
        0.27525602665103555,
        -0.3489167201219949
      ],
      [
        0.0,
        0.0,
        0.0,
        1.0
      ]
    ]
  },
  "16": {
    "K": [
      [
        4728.31005859375,
        0.0,
        1171.0670166015625
      ],
      [
        0.0,
        4727.4228515625,
        1060.4183349609375
      ],
      [
        0.0,
        0.0,
        1.0
      ]
    ],
    "D": [
      0.0,
      0.0,
      0.0,
      0.0,
      0.0
    ],
    "RT": [
      [
        0.2986212648565593,
        0.04925231981686688,
        -0.9531000597223251,
        1.196264328357579
      ],
      [
        0.020299140765161153,
        0.9981137892243609,
        0.05793849365579034,
        -0.5688175260375499
      ],
      [
        0.9541558905355523,
        -0.03664876036110377,
        0.29705819700837327,
        -0.4191694282477556
      ],
      [
        0.0,
        0.0,
        0.0,
        1.0
      ]
    ]
  },
  "17": {
    "K": [
      [
        4709.6982421875,
        0.0,
        1222.162109375
      ],
      [
        0.0,
        4708.67041015625,
        1005.47900390625
      ],
      [
        0.0,
        0.0,
        1.0
      ]
    ],
    "D": [
      0.0,
      0.0,
      0.0,
      0.0,
      0.0
    ],
    "RT": [
      [
        0.33207307560100463,
        -0.38574760323533475,
        -0.8607708421920371,
        1.0501585500481907
      ],
      [
        -0.005535544744968115,
        0.9117423670399298,
        -0.41072556923676184,
        0.007330781624430793
      ],
      [
        0.9432375680170374,
        0.1411557551690136,
        0.30062968881961055,
        -0.3857568303234562
      ],
      [
        0.0,
        0.0,
        0.0,
        1.0
      ]
    ]
  },
  "18": {
    "K": [
      [
        4707.4033203125,
        0.0,
        1223.6229248046875
      ],
      [
        0.0,
        4708.2255859375,
        1078.3035888671875
      ],
      [
        0.0,
        0.0,
        1.0
      ]
    ],
    "D": [
      0.0,
      0.0,
      0.0,
      0.0,
      0.0
    ],
    "RT": [
      [
        0.612449806503791,
        0.41477745661758614,
        -0.6729526683262187,
        0.8398556544861375
      ],
      [
        -0.02774520900216731,
        0.8620439338206295,
        0.5060738540289578,
        -1.1405860216174082
      ],
      [
        0.7900226616797601,
        -0.291273606128332,
        0.5394666096371343,
        -0.7055017079640529
      ],
      [
        0.0,
        0.0,
        0.0,
        1.0
      ]
    ]
  },
  "19": {
    "K": [
      [
        4703.39990234375,
        0.0,
        1199.923828125
      ],
      [
        0.0,
        4703.97509765625,
        1044.6663818359375
      ],
      [
        0.0,
        0.0,
        1.0
      ]
    ],
    "D": [
      0.0,
      0.0,
      0.0,
      0.0,
      0.0
    ],
    "RT": [
      [
        0.6208619240013025,
        0.032588722850004276,
        -0.7832424173770629,
        0.9533489670085358
      ],
      [
        0.01189296107235739,
        0.998629086145964,
        0.05097779861543476,
        -0.5580777980092986
      ],
      [
        0.783829887918877,
        -0.040965254187062185,
        0.6196230001914085,
        -0.7954257656799455
      ],
      [
        0.0,
        0.0,
        0.0,
        1.0
      ]
    ]
  },
  "20": {
    "K": [
      [
        4714.10205078125,
        0.0,
        1226.3565673828125
      ],
      [
        0.0,
        4713.09228515625,
        1020.620849609375
      ],
      [
        0.0,
        0.0,
        1.0
      ]
    ],
    "D": [
      0.0,
      0.0,
      0.0,
      0.0,
      0.0
    ],
    "RT": [
      [
        0.6572622669454358,
        -0.29607610738436435,
        -0.6930695298392832,
        0.8632889030411768
      ],
      [
        -0.019331663504644443,
        0.912677000201414,
        -0.40822429531544835,
        0.01804710804324139
      ],
      [
        0.7534140396582595,
        0.28170864130039763,
        0.594144336598255,
        -0.7702088476792055
      ],
      [
        0.0,
        0.0,
        0.0,
        1.0
      ]
    ]
  },
  "21": {
    "K": [
      [
        4709.81982421875,
        0.0,
        1231.689208984375
      ],
      [
        0.0,
        4709.5615234375,
        1075.742919921875
      ],
      [
        0.0,
        0.0,
        1.0
      ]
    ],
    "D": [
      0.0,
      0.0,
      0.0,
      0.0,
      0.0
    ],
    "RT": [
      [
        0.8523532321330339,
        0.2513053232433403,
        -0.45862827893720304,
        0.556160859694879
      ],
      [
        0.02046072437931611,
        0.8602777384322483,
        0.5094150215123722,
        -1.1143751333246439
      ],
      [
        0.5225663751495269,
        -0.4435853491355276,
        0.7281185566859674,
        -0.9207912965399518
      ],
      [
        0.0,
        0.0,
        0.0,
        1.0
      ]
    ]
  },
  "22": {
    "K": [
      [
        4729.455078125,
        0.0,
        1226.411865234375
      ],
      [
        0.0,
        4729.32568359375,
        1059.9364013671875
      ],
      [
        0.0,
        0.0,
        1.0
      ]
    ],
    "D": [
      0.0,
      0.0,
      0.0,
      0.0,
      0.0
    ],
    "RT": [
      [
        0.8504729137947756,
        0.024194546574992926,
        -0.5254625312556064,
        0.6512964304973204
      ],
      [
        0.0005417055760573705,
        0.9989010798814154,
        0.046870403457884624,
        -0.5509920217314108
      ],
      [
        0.5260189194448806,
        -0.04014662064298774,
        0.8495250114571422,
        -1.0926869269258315
      ],
      [
        0.0,
        0.0,
        0.0,
        1.0
      ]
    ]
  },
  "23": {
    "K": [
      [
        4717.87109375,
        0.0,
        1234.12646484375
      ],
      [
        0.0,
        4717.23046875,
        1039.3121337890625
      ],
      [
        0.0,
        0.0,
        1.0
      ]
    ],
    "D": [
      0.0,
      0.0,
      0.0,
      0.0,
      0.0
    ],
    "RT": [
      [
        0.8504270633946206,
        -0.1868362419164287,
        -0.4917989398120924,
        0.6049894979625924
      ],
      [
        -0.030158430904396117,
        0.9159629278382665,
        -0.4001282391353726,
        0.020754278861459197
      ],
      [
        0.5252280315865218,
        0.35511167023079154,
        0.7733249027935762,
        -1.0024390541017676
      ],
      [
        0.0,
        0.0,
        0.0,
        1.0
      ]
    ]
  },
  "24": {
    "K": [
      [
        4701.7109375,
        0.0,
        1218.4566650390625
      ],
      [
        0.0,
        4703.13525390625,
        1056.8739013671875
      ],
      [
        0.0,
        0.0,
        1.0
      ]
    ],
    "D": [
      0.0,
      0.0,
      0.0,
      0.0,
      0.0
    ],
    "RT": [
      [
        0.9709201662243174,
        0.1719500611952923,
        -0.16657613856889336,
        0.16401239614895058
      ],
      [
        -0.06461035097118711,
        0.8581782205427705,
        0.5092701844094335,
        -1.1440665456390227
      ],
      [
        0.2305210271782658,
        -0.4836980399918692,
        0.8443320839035198,
        -1.060671527806725
      ],
      [
        0.0,
        0.0,
        0.0,
        1.0
      ]
    ]
  },
  "25": {
    "K": [
      [
        4737.5791015625,
        0.0,
        1222.3802490234375
      ],
      [
        0.0,
        4738.51416015625,
        1067.831298828125
      ],
      [
        0.0,
        0.0,
        1.0
      ]
    ],
    "D": [
      0.0,
      0.0,
      0.0,
      0.0,
      0.0
    ],
    "RT": [
      [
        0.9779689386893498,
        -0.03764887950261438,
        -0.20532794863490517,
        0.23359083929432573
      ],
      [
        0.053852042156081345,
        0.9958104492631836,
        0.07390389671573172,
        -0.5787011219513785
      ],
      [
        0.20168531572451992,
        -0.08333303668055222,
        0.9758991119098197,
        -1.2335473309565936
      ],
      [
        0.0,
        0.0,
        0.0,
        1.0
      ]
    ]
  },
  "26": {
    "K": [
      [
        4717.259765625,
        0.0,
        1258.98486328125
      ],
      [
        0.0,
        4716.46337890625,
        991.6849975585938
      ],
      [
        0.0,
        0.0,
        1.0
      ]
    ],
    "D": [
      0.0,
      0.0,
      0.0,
      0.0,
      0.0
    ],
    "RT": [
      [
        0.9782027225766121,
        -0.1148339568061324,
        -0.17301066888083155,
        0.20419109816966396
      ],
      [
        0.030731893544720848,
        0.9040591253393385,
        -0.4263011957897454,
        0.012736411934108238
      ],
      [
        0.2053657324744311,
        0.41169199639173804,
        0.887882091436187,
        -1.1659320082101587
      ],
      [
        0.0,
        0.0,
        0.0,
        1.0
      ]
    ]
  },
  "27": {
    "K": [
      [
        4712.04833984375,
        0.0,
        1249.2486572265625
      ],
      [
        0.0,
        4712.80224609375,
        1098.1190185546875
      ],
      [
        0.0,
        0.0,
        1.0
      ]
    ],
    "D": [
      0.0,
      0.0,
      0.0,
      0.0,
      0.0
    ],
    "RT": [
      [
        0.992616024706342,
        -0.045503694131719875,
        0.11244152193005119,
        -0.185468327416417
      ],
      [
        -0.018495098778849247,
        0.8593563399384718,
        0.5110430328122563,
        -1.148542259686082
      ],
      [
        -0.11988164107922934,
        -0.5093490997292668,
        0.8521690956005133,
        -1.0778847894818344
      ],
      [
        0.0,
        0.0,
        0.0,
        1.0
      ]
    ]
  },
  "28": {
    "K": [
      [
        4708.40380859375,
        0.0,
        1232.0267333984375
      ],
      [
        0.0,
        4707.60009765625,
        1036.2896728515625
      ],
      [
        0.0,
        0.0,
        1.0
      ]
    ],
    "D": [
      0.0,
      0.0,
      0.0,
      0.0,
      0.0
    ],
    "RT": [
      [
        0.9925862054848604,
        0.006311454434510927,
        0.12137969456431441,
        -0.204869164415017
      ],
      [
        -0.010182440389309032,
        0.9994583637047108,
        0.03129773969249139,
        -0.5801232121701927
      ],
      [
        -0.12111635853173411,
        -0.032301602420075314,
        0.9921127370563277,
        -1.2579130132429663
      ],
      [
        0.0,
        0.0,
        0.0,
        1.0
      ]
    ]
  },
  "29": {
    "K": [
      [
        4737.56201171875,
        0.0,
        1234.591064453125
      ],
      [
        0.0,
        4738.6318359375,
        1010.9480590820312
      ],
      [
        0.0,
        0.0,
        1.0
      ]
    ],
    "D": [
      0.0,
      0.0,
      0.0,
      0.0,
      0.0
    ],
    "RT": [
      [
        0.9916629988266392,
        0.044814019078088324,
        0.12081542681695316,
        -0.20483092914472828
      ],
      [
        0.0072986544384250176,
        0.9165387465001252,
        -0.3998794353633845,
        -0.0007407616537158379
      ],
      [
        -0.12865218257521965,
        0.39742735619061603,
        0.9085704987710854,
        -1.1619359861487994
      ],
      [
        0.0,
        0.0,
        0.0,
        1.0
      ]
    ]
  },
  "30": {
    "K": [
      [
        4699.04248046875,
        0.0,
        1256.196533203125
      ],
      [
        0.0,
        4698.81396484375,
        1021.2221069335938
      ],
      [
        0.0,
        0.0,
        1.0
      ]
    ],
    "D": [
      0.0,
      0.0,
      0.0,
      0.0,
      0.0
    ],
    "RT": [
      [
        0.8885270717407963,
        -0.24043509022482393,
        0.39078240770321904,
        -0.5281419170907108
      ],
      [
        0.012891734944399422,
        0.8644497588728909,
        0.5025541839389359,
        -1.1455560469598474
      ],
      [
        -0.4586432736722824,
        -0.44149506515020165,
        0.7711865747379646,
        -0.946704557845033
      ],
      [
        0.0,
        0.0,
        0.0,
        1.0
      ]
    ]
  },
  "31": {
    "K": [
      [
        4724.9365234375,
        0.0,
        1188.99755859375
      ],
      [
        0.0,
        4724.396484375,
        1060.8702392578125
      ],
      [
        0.0,
        0.0,
        1.0
      ]
    ],
    "D": [
      0.0,
      0.0,
      0.0,
      0.0,
      0.0
    ],
    "RT": [
      [
        0.8933894267424929,
        -0.010429685407467672,
        0.4491623051880214,
        -0.6125522638951765
      ],
      [
        -0.027221579894953753,
        0.9966374175370872,
        0.07728641757739234,
        -0.5831959515210958
      ],
      [
        -0.4484579568876069,
        -0.08127379341415406,
        0.8901011915313909,
        -1.097294563631653
      ],
      [
        0.0,
        0.0,
        0.0,
        1.0
      ]
    ]
  },
  "32": {
    "K": [
      [
        4729.4482421875,
        0.0,
        1256.2894287109375
      ],
      [
        0.0,
        4728.2978515625,
        1014.09716796875
      ],
      [
        0.0,
        0.0,
        1.0
      ]
    ],
    "D": [
      0.0,
      0.0,
      0.0,
      0.0,
      0.0
    ],
    "RT": [
      [
        0.8842981903467777,
        0.18574739296559103,
        0.42838626300217314,
        -0.57040824537976
      ],
      [
        0.003444050397078735,
        0.9148473318905949,
        -0.4037853665259252,
        -0.0028862308883528254
      ],
      [
        -0.4669100720342273,
        0.3585420374384845,
        0.8083580895567193,
        -1.0140040161155668
      ],
      [
        0.0,
        0.0,
        0.0,
        1.0
      ]
    ]
  },
  "33": {
    "K": [
      [
        4717.6484375,
        0.0,
        1242.195068359375
      ],
      [
        0.0,
        4717.03076171875,
        1077.054931640625
      ],
      [
        0.0,
        0.0,
        1.0
      ]
    ],
    "D": [
      0.0,
      0.0,
      0.0,
      0.0,
      0.0
    ],
    "RT": [
      [
        0.6681103107565279,
        -0.39255730643921144,
        0.6320819285040358,
        -0.8148955226990748
      ],
      [
        -0.02670725115424172,
        0.83630176292034,
        0.5476184996307072,
        -1.1438805794026168
      ],
      [
        -0.743582859982681,
        -0.38275066459255214,
        0.5482577323940385,
        -0.6802296252249249
      ],
      [
        0.0,
        0.0,
        0.0,
        1.0
      ]
    ]
  },
  "34": {
    "K": [
      [
        4700.81494140625,
        0.0,
        1232.551513671875
      ],
      [
        0.0,
        4699.86767578125,
        1052.3214111328125
      ],
      [
        0.0,
        0.0,
        1.0
      ]
    ],
    "D": [
      0.0,
      0.0,
      0.0,
      0.0,
      0.0
    ],
    "RT": [
      [
        0.6703357391170961,
        -0.045385805033974116,
        0.7406687871602171,
        -0.9426736053065821
      ],
      [
        -0.016464920561910068,
        0.9969725597688914,
        0.07599268787436947,
        -0.5815511244560311
      ],
      [
        -0.7418752320328966,
        -0.06313568390677239,
        0.6675590355598702,
        -0.8124604786791303
      ],
      [
        0.0,
        0.0,
        0.0,
        1.0
      ]
    ]
  },
  "35": {
    "K": [
      [
        4735.72802734375,
        0.0,
        1229.9464111328125
      ],
      [
        0.0,
        4732.0595703125,
        1014.6458129882812
      ],
      [
        0.0,
        0.0,
        1.0
      ]
    ],
    "D": [
      0.0,
      0.0,
      0.0,
      0.0,
      0.0
    ],
    "RT": [
      [
        0.6810021996475807,
        0.30076453037886947,
        0.6676652965929224,
        -0.8714609591632014
      ],
      [
        0.0010039037821254467,
        0.9113761476600681,
        -0.4115734209401802,
        0.005303562011149454
      ],
      [
        -0.732280816872781,
        0.28095263849590035,
        0.6203471228955166,
        -0.7508336439126655
      ],
      [
        0.0,
        0.0,
        0.0,
        1.0
      ]
    ]
  },
  "36": {
    "K": [
      [
        4691.3134765625,
        0.0,
        1175.857177734375
      ],
      [
        0.0,
        4690.38720703125,
        1078.3114013671875
      ],
      [
        0.0,
        0.0,
        1.0
      ]
    ],
    "D": [
      0.0,
      0.0,
      0.0,
      0.0,
      0.0
    ],
    "RT": [
      [
        0.3767083373614015,
        -0.49957384417094625,
        0.7800750576188611,
        -0.9861952384853188
      ],
      [
        0.01458246801378668,
        0.8452055305947925,
        0.534242488668803,
        -1.127905391821618
      ],
      [
        -0.9262172887999888,
        -0.18987813372214396,
        0.3256809309289739,
        -0.3743043432138997
      ],
      [
        0.0,
        0.0,
        0.0,
        1.0
      ]
    ]
  },
  "37": {
    "K": [
      [
        4719.013671875,
        0.0,
        1200.3155517578125
      ],
      [
        0.0,
        4718.7919921875,
        1048.881591796875
      ],
      [
        0.0,
        0.0,
        1.0
      ]
    ],
    "D": [
      0.0,
      0.0,
      0.0,
      0.0,
      0.0
    ],
    "RT": [
      [
        0.3689790731536054,
        -0.06677500372642946,
        0.9270359424237385,
        -1.146935655840515
      ],
      [
        -0.007905516813592979,
        0.9971541253620517,
        0.07497213944825662,
        -0.5750422512999409
      ],
      [
        -0.9294041263405385,
        -0.034991893071733754,
        0.3674011458446995,
        -0.42576630988497866
      ],
      [
        0.0,
        0.0,
        0.0,
        1.0
      ]
    ]
  },
  "38": {
    "K": [
      [
        4769.5439453125,
        0.0,
        1241.4388427734375
      ],
      [
        0.0,
        4766.66259765625,
        1030.4964599609375
      ],
      [
        0.0,
        0.0,
        1.0
      ]
    ],
    "D": [
      0.0,
      0.0,
      0.0,
      0.0,
      0.0
    ],
    "RT": [
      [
        0.3450650911733098,
        0.4045532185757439,
        0.8469163039457348,
        -1.065490765640659
      ],
      [
        -0.036951418700400536,
        0.9074949277564345,
        -0.41843497754886605,
        -0.0002466750080170055
      ],
      [
        -0.937851299266442,
        0.1130925444417378,
        0.3280936076205348,
        -0.3878125136860435
      ],
      [
        0.0,
        0.0,
        0.0,
        1.0
      ]
    ]
  },
  "39": {
    "K": [
      [
        4677.7900390625,
        0.0,
        1193.01025390625
      ],
      [
        0.0,
        4682.23291015625,
        1055.8568115234375
      ],
      [
        0.0,
        0.0,
        1.0
      ]
    ],
    "D": [
      0.0,
      0.0,
      0.0,
      0.0,
      0.0
    ],
    "RT": [
      [
        0.014087693922008496,
        -0.5341461744624671,
        0.8452748645396078,
        -1.0353075104417193
      ],
      [
        -0.012094143489960994,
        0.8452060897118644,
        0.5343042366808254,
        -1.1440271677085427
      ],
      [
        -0.9998277399489333,
        -0.01774999968371604,
        0.005446943859941211,
        0.004317263707630303
      ],
      [
        0.0,
        0.0,
        0.0,
        1.0
      ]
    ]
  },
  "40": {
    "K": [
      [
        4713.88134765625,
        0.0,
        1208.6337890625
      ],
      [
        0.0,
        4713.8408203125,
        1063.499267578125
      ],
      [
        0.0,
        0.0,
        1.0
      ]
    ],
    "D": [
      0.0,
      0.0,
      0.0,
      0.0,
      0.0
    ],
    "RT": [
      [
        -0.002237976437117147,
        -0.08178655012929258,
        0.9966474657479708,
        -1.21219460799507
      ],
      [
        0.025510638885836903,
        0.9963206444030183,
        0.08181697072629278,
        -0.5806533617666129
      ],
      [
        -0.9996721183821997,
        0.02560817268992132,
        -0.0001433147448173067,
        -8.504601904046893e-05
      ],
      [
        0.0,
        0.0,
        0.0,
        1.0
      ]
    ]
  },
  "41": {
    "K": [
      [
        4736.19921875,
        0.0,
        1200.5567626953125
      ],
      [
        0.0,
        4732.7041015625,
        1009.8038330078125
      ],
      [
        0.0,
        0.0,
        1.0
      ]
    ],
    "D": [
      0.0,
      0.0,
      0.0,
      0.0,
      0.0
    ],
    "RT": [
      [
        -0.03239100803463517,
        0.4267127832015663,
        0.9038070832852273,
        -1.1188724182215084
      ],
      [
        -0.0708150079858664,
        0.9010292596870848,
        -0.4279390583906216,
        0.0007407616537158379
      ],
      [
        -0.996963483789586,
        -0.07786444170095444,
        0.0010324065476006858,
        0.01783836496562996
      ],
      [
        0.0,
        0.0,
        0.0,
        1.0
      ]
    ]
  },
  "42": {
    "K": [
      [
        4707.60986328125,
        0.0,
        1223.9815673828125
      ],
      [
        0.0,
        4707.26171875,
        1072.5736083984375
      ],
      [
        0.0,
        0.0,
        1.0
      ]
    ],
    "D": [
      0.0,
      0.0,
      0.0,
      0.0,
      0.0
    ],
    "RT": [
      [
        -0.3814907626161357,
        -0.5033761687547352,
        0.775291842662433,
        -0.9689094360541686
      ],
      [
        -0.02367283342723486,
        0.843767364743977,
        0.5361869112656097,
        -1.127935760451869
      ],
      [
        -0.9240695922600767,
        0.18619702243421593,
        -0.33380570936352594,
        0.39705916324490054
      ],
      [
        0.0,
        0.0,
        0.0,
        1.0
      ]
    ]
  },
  "43": {
    "K": [
      [
        4706.37646484375,
        0.0,
        1222.3043212890625
      ],
      [
        0.0,
        4706.22216796875,
        1028.4130859375
      ],
      [
        0.0,
        0.0,
        1.0
      ]
    ],
    "D": [
      0.0,
      0.0,
      0.0,
      0.0,
      0.0
    ],
    "RT": [
      [
        -0.3702951821027257,
        -0.06733481883321855,
        0.9264705801105231,
        -1.1371603023046595
      ],
      [
        -0.024741963932303566,
        0.9977304882771987,
        0.06262486314614928,
        -0.5738237352266948
      ],
      [
        -0.9285848134425546,
        0.00026699653093173724,
        -0.3711207345357371,
        0.43868602411783997
      ],
      [
        0.0,
        0.0,
        0.0,
        1.0
      ]
    ]
  },
  "44": {
    "K": [
      [
        4719.31689453125,
        0.0,
        1248.39599609375
      ],
      [
        0.0,
        4717.318359375,
        1008.2344360351562
      ],
      [
        0.0,
        0.0,
        1.0
      ]
    ],
    "D": [
      0.0,
      0.0,
      0.0,
      0.0,
      0.0
    ],
    "RT": [
      [
        -0.38519005596044764,
        0.41231170036625897,
        0.825607639064903,
        -1.0597739324237463
      ],
      [
        -0.03491057183525213,
        0.8874895798455671,
        -0.45950356623623745,
        0.011061413113467866
      ],
      [
        -0.9221768761033748,
        -0.20581858252046578,
        -0.32745813936420703,
        0.4143339104619542
      ],
      [
        0.0,
        0.0,
        0.0,
        1.0
      ]
    ]
  },
  "45": {
    "K": [
      [
        4713.15771484375,
        0.0,
        1199.056640625
      ],
      [
        0.0,
        4714.7978515625,
        1065.13720703125
      ],
      [
        0.0,
        0.0,
        1.0
      ]
    ],
    "D": [
      0.0,
      0.0,
      0.0,
      0.0,
      0.0
    ],
    "RT": [
      [
        -0.6994385011636319,
        -0.3650060519708124,
        0.6144561887602278,
        -0.7885965274544638
      ],
      [
        0.0038578162709832432,
        0.8578079044949745,
        0.5139559808671836,
        -1.1285973561122613
      ],
      [
        -0.7146824009572946,
        0.361851035387013,
        -0.5985756907968571,
        0.7285677602854141
      ],
      [
        0.0,
        0.0,
        0.0,
        1.0
      ]
    ]
  },
  "46": {
    "K": [
      [
        4713.314453125,
        0.0,
        1255.9000244140625
      ],
      [
        0.0,
        4712.9736328125,
        1033.026611328125
      ],
      [
        0.0,
        0.0,
        1.0
      ]
    ],
    "D": [
      0.0,
      0.0,
      0.0,
      0.0,
      0.0
    ],
    "RT": [
      [
        -0.6792493871396442,
        -0.03399129487437477,
        0.7331199331684911,
        -0.9558471061322089
      ],
      [
        -0.014117051801111355,
        0.999347030988999,
        0.03325521921418477,
        -0.5553913964845149
      ],
      [
        -0.7337718244166979,
        0.012239106906936557,
        -0.6792858672585794,
        0.8366877992411914
      ],
      [
        0.0,
        0.0,
        0.0,
        1.0
      ]
    ]
  },
  "47": {
    "K": [
      [
        4716.162109375,
        0.0,
        1225.70263671875
      ],
      [
        0.0,
        4716.46484375,
        1008.9585571289062
      ],
      [
        0.0,
        0.0,
        1.0
      ]
    ],
    "D": [
      0.0,
      0.0,
      0.0,
      0.0,
      0.0
    ],
    "RT": [
      [
        -0.694790101472476,
        0.2841616387483402,
        0.6606958747965014,
        -0.8645435193557991
      ],
      [
        -0.020739356331074325,
        0.910340018938526,
        -0.41334162049889783,
        0.004046261948550844
      ],
      [
        -0.7189135694852067,
        -0.30088807849588595,
        -0.6266017944544793,
        0.7771705552646879
      ],
      [
        0.0,
        0.0,
        0.0,
        1.0
      ]
    ]
  },
  "48": {
    "K": [
      [
        4690.80859375,
        0.0,
        1236.5872802734375
      ],
      [
        0.0,
        4692.45166015625,
        1066.2132568359375
      ],
      [
        0.0,
        0.0,
        1.0
      ]
    ],
    "D": [
      0.0,
      0.0,
      0.0,
      0.0,
      0.0
    ],
    "RT": [
      [
        -0.8970055958187225,
        -0.2516349645278325,
        0.3634021001462502,
        -0.5178266024365895
      ],
      [
        -0.04417587323989074,
        0.8690595365904585,
        0.49273159005687456,
        -1.135445884974249
      ],
      [
        -0.4398064151537722,
        0.42592928578138495,
        -0.790667346015791,
        0.9921999686693063
      ],
      [
        0.0,
        0.0,
        0.0,
        1.0
      ]
    ]
  },
  "49": {
    "K": [
      [
        4708.083984375,
        0.0,
        1231.57666015625
      ],
      [
        0.0,
        4708.2568359375,
        1052.469482421875
      ],
      [
        0.0,
        0.0,
        1.0
      ]
    ],
    "D": [
      0.0,
      0.0,
      0.0,
      0.0,
      0.0
    ],
    "RT": [
      [
        -0.9061566105320646,
        -0.011640251759430257,
        0.42278234065592707,
        -0.6310613077923537
      ],
      [
        0.0018798948543801912,
        0.9995005999468071,
        0.031547890509560604,
        -0.5277116223118328
      ],
      [
        -0.42293840183450954,
        0.0293821593348442,
        -0.9056820156614032,
        1.139054674000856
      ],
